id	gender	race	c1rrscal	c1rrscala	c1rrtsco	c1rmscal	c1rmtsco	c1rgscal	c1rgtsco	c1fmotor	c1gmotor	c2rrscal	c2rrtsco	c2rmscal	c2rmtsco	c2rgscal	c2rgtsco	c3rrscal	c3rrtsco	c3rmscal	c3rmtsco	c3rgscal	c3rgtsco	c4rrscal	c4rrtsco	c4rmscal	c4rmtsco	c4rgscal	c4rgtsco	p1learn	p1contro	p1social	t1learn	t1contro	t1interp	t1extern	t1intern	p1center	p1disabl	p1htotal	p1hfamil	p1firkdg	p1hrsprk	wkmomed	wkdaded	wklangst	wksesl	wksesq5	s2kpupri	p1count	p1share	p1pencil	p1still	p1letter	p1verbal	p1expect	p1readbo	p1tellst	p1singso	p1helpar	p1chores	p1games	p1nature	p1build	p1sport	p1chlboo	p1chsesa	p2librar	p2safepl	p2garbag	p2drug	p2burglr	p2violen	p2vacant	p2bktog	ses_orig																																																																																																																																																																																			
1.00	1	1	25	25	54	22	55	29	59	9	6	32	52	26	50	42	69	37	51	34	52	38	60	44	44	46	53	44	63	3.67	3.20	3.33	3.67	3.50	4.00	1.20	1.00	1	2	5	1	1	20	6	9	2	60	5	2	2	1	2	3	2	2	5	4	4	4	2	4	3	4	2	4	100	1	1	3	3	3	3	3	3	5	1.53																																																																																																																																																																																			
2.00	1	1	22	22	50	19	52	21	49	5	1	29	48	28	52	33	57	33	47	30	48	30	50	55	51	45	53	38	54	3.50	3.00	4.00	3.83	4.00	4.00	1.80	1.00	1	2	4	1	1	12	4	5	2	48	4	2	2	2	2	2	2	2	4	3	4	4	3	4	3	3	3	3	100	1	2	3	3	3	3	3	3	3	0.33																																																																																																																																																																																			
3.00	1	1	22	22	51	23	57	30	60	7	8	27	46	28	53	39	65	37	52	38	56	41	63	54	50	48	55	41	58	2.67	2.80	3.67	3.00	2.75	2.40	2.60	2.25	2	2	5	1	1	40	5	3	2	44	3	1	3	1	3	2	3	2	4	4	1	4	2	4	3	1	2	1	30	1	1	3	3	3	3	3	3	7	-0.12																																																																																																																																																																																			
4.00	1	1	28	28	58	26	60	25	55	9	8	39	58	32	56	29	52	43	55	36	54	31	51	54	50	51	57	35	50	4.00	3.60	3.33	3.50	2.75	2.80	1.60	1.00	2	2	4	1	1	0	5	3	2	41	2	1	2	2	2	2	2	2	3	3	2	4	3	4	3	2	2	3	50	1	1	2	3	3	3	3	3	3	-0.45																																																																																																																																																																																			
5.00	2	1	29	29	59	19	52	26	56	9	8	38	57	32	55	34	59	41	54	31	49	33	53	78	64	46	53	38	54	3.83	3.20	3.67	3.83	3.50	3.40	1.00	1.00	1	2	6	1	1	12	3	3	2	40	2	1	3	1	2	1	1	1	3	4	4	4	2	4	2	3	3	2	50	2	2	3	3	3	3	3	3	2	-0.49																																																																																																																																																																																			
6.00	1	1	14	14	38	9	31	23	52	3	4	16	29	14	32	27	51	15	22	15	28	35	56	25	25	22	28	37	53	2.67	2.80	3.33	3.17	3.75	3.00	2.20	1.25	1	1	3	2	1	27	3	3	2	41	2	2	3	2	2	2	3	2	4	4	2	2	3	4	3	3	2	2	50	1	2	2	3	3	2	3	3	6	-0.43																																																																																																																																																																																			
7.00	2	1	23	23	52	24	58	27	57	7	5	39	58	32	56	29	53	43	56	41	59	35	56	70	60	53	60	43	62	3.33	3.00	3.33	3.33	3.00	2.80	2.00	1.00	1	2	3	2	1	8	6	6	2	55	5	1	5	2	2	5	5	2	4	4	2	4	2	1	2	3	2	2	70	2	2	3	3	3	3	3	3	1	0.97																																																																																																																																																																																			
8.00	1	1	23	23	52	21	54	31	61	8	6	30	49	44	67	40	66	33	48	50	66	36	57	66	57	53	60	44	64	3.33	2.80	3.00	3.33	2.75	2.20	2.00	1.75	2	2	5	1	1	40	7	7	2	60	5	1	3	2	3	2	3	1	4	4	3	4	3	3	2	4	4	3	30	2	2	2	3	3	2	3	3	0	1.45																																																																																																																																																																																			
9.00	1	1	38	38	67	31	65	34	64	6	5	38	57	50	72	38	64	40	54	52	67	39	61	72	61	56	63	45	65	2.67	2.60	3.00	2.83	3.00	3.00	1.00	1.00	2	2	4	1	1	40	6	6	2	57	5	2	3	2	2	2	2	2	5	4	3	4	3	4	3	3	4	3	200	1	2	2	2	3	2	3	3	2	1.16																																																																																																																																																																																			
10.00	2	1	33	33	63	29	62	37	69	8	8	35	54	33	57	45	76	41	54	41	58	45	72	71	60	55	62	48	73	3.50	3.00	3.33	3.67	3.25	2.80	2.00	1.50	1	1	5	1	1	8	4	5	2	48	4	1	2	2	3	2	3	2	4	4	2	4	2	4	2	2	2	2	50	1	1	3	3	3	2	3	3	5	0.27																																																																																																																																																																																			
11.00	1	1	29	29	59	30	64	19	46	6	6	55	67	40	63	27	50	54	62	49	65	31	51	73	61	55	62	40	58	3.50	3.00	3.00	2.83	3.50	3.60	1.40	1.25	2	2	5	1	1	0	3	5	2	42	2	1	3	2	3	2	2	2	4	2	1	4	2	4	3	2	3	2	100	1	2	3	3	3	3	3	3	7	-0.35																																																																																																																																																																																			
12.00	1	1	20	20	47	26	60	24	53	7	7	25	43	32	55	29	52	37	51	48	64	37	58	55	51	59	67	43	62	3.67	3.00	3.67	3.00	3.00	3.25	2.00	1.00	2	2	4	1	1	25	1	3	2	38	1	1	1	2	1	2	1	2	4	2	2	4	3	4	3	2	2	4	30	1	1	3	3	3	3	3	3	2	-0.69																																																																																																																																																																																			
13.00	2	1	20	20	47	19	52	23	52	9	8	29	49	33	57	30	54	38	52	37	55	36	57	50	48	47	54	39	55	2.67	3.40	3.33	3.00	3.00	2.80	1.20	1.00	2	2	3	2	1	17	3	5	2	42	3	1	2	1	2	1	2	2	4	3	2	4	2	4	2	1	1	2	100	2	1	2	3	3	3	3	3	7	-0.27																																																																																																																																																																																			
14.00	1	1	23	23	52	21	55	27	56	7	7	27	46	28	53	23	46	33	48	33	51	26	46	46	46	35	43	34	49	3.00	2.60	2.67	3.00	3.25	3.00	1.00	1.25	2	2	5	1	1	0	5	5	2	48	4	2	1	2	1	1	1	1	4	3	1	3	2	4	3	2	2	3	50	1	2	3	3	3	3	3	3	3	0.28																																																																																																																																																																																			
15.00	1	1	21	21	49	25	59	28	58	6	8	34	53	30	54	29	53	38	52	36	54	31	51	52	49	49	56	38	54	4.00	3.20	2.67	3.17	3.50	3.20	1.00	1.75	1	2	6	1	1	30	3	3	2	40	2	1	3	2	2	2	3	1	2	3	3	3	3	3	2	2	3	2	50	2	2	2	3	3	3	3	3	7	-0.51																																																																																																																																																																																			
16.00	2	1	33	33	64	34	68	25	54	5	5	40	58	39	63	38	63	53	61	47	63	38	59	74	62	57	65	46	68	3.00	3.20	3.33	3.83	4.00	3.80	1.00	1.25	1	2	4	1	1	9	5	6	2	49	4	1	3	2	2	2	2	1	4	4	2	3	3	4	2	3	2	2	100	1	2	2	3	3	3	3	3	2	0.36																																																																																																																																																																																			
17.00	2	1	23	23	52	25	59	20	49	8	8	36	56	34	58	29	53	51	60	48	64	33	53	77	64	53	60	40	58	3.33	2.60	4.00	4.00	4.00	4.00	1.00	1.50	2	2	5	1	1	0	3	3	2	42	3	2	3	1	1	1	1	1	3	2	2	4	2	3	2	3	1	3	100	1	2	2	3	3	3	3	3	7	-0.30																																																																																																																																																																																			
18.00	2	1	22	22	51	22	55	26	56	7	7	35	55	31	55	30	54	38	52	28	47	35	56	73	61	54	61	40	57	2.50	2.80	4.00	2.83	3.00	2.80	1.60	1.25	2	2	4	1	1	0	6	6	2	50	4	2	4	3	3	3	3	2	4	4	4	3	4	4	3	3	3	2	200	1	2	3	3	3	3	2	3	3	0.52																																																																																																																																																																																			
19.00	1	1	35	35	65	36	69	31	61	8	5	42	60	44	67	34	58	47	57	48	65	37	59	70	60	57	64	43	62	3.17	3.40	3.00	3.33	3.50	2.80	1.00	1.00	1	2	4	1	1	13	6	8	2	54	5	2	2	2	3	2	2	2	4	3	3	4	3	2	4	3	4	3	100	2	1	2	3	3	3	3	3	5	0.86																																																																																																																																																																																			
20.00	1	1	24	24	54	49	80	26	55	7	8	37	56	56	76	30	54	48	58	59	76	32	52	66	57	58	66	37	53	3.33	2.60	2.33	2.67	3.00	2.00	1.20	2.50	1	2	5	1	1	8	7	7	2	59	5	1	2	1	2	3	2	1	4	3	3	3	2	3	2	2	4	3	200	2	1	3	3	3	3	3	3	7	1.38																																																																																																																																																																																			
21.00	2	1	36	36	66	26	60	35	66	8	6	52	65	36	60	34	59	63	66	32	50	39	61	66	57	41	49	43	61	3.17	3.40	4.00	3.00	2.75	3.20	1.40	1.25	1	1	5	1	1	9	6	6	2	52	5	1	2	2	3	2	2	2	4	4	3	4	4	4	3	3	2	4	200	2	1	3	3	3	3	3	3	5	0.69																																																																																																																																																																																			
22.00	2	1	33	33	64	25	59	19	47	4	8	39	58	34	57	31	55	50	59	42	60	35	56	70	59	50	57	37	52	3.17	3.40	3.33	4.00	4.00	3.60	1.00	1.00	1	2	4	1	1	14	5	3	2	46	4	1	1	2	1	2	2	1	4	3	2	2	1	3	2	1	1	2	150	1	2	3	3	3	3	3	3	5	0.08																																																																																																																																																																																			
23.00	1	1	35	35	65	33	66	31	61	5	8	41	59	37	61	34	59	45	57	37	55	40	63	77	64	55	62	39	56	3.83	3.40	3.67	4.00	4.00	4.00	1.00	1.00	2	2	5	1	1	0	4	9	2	41	2	1	1	1	1	1	1	1	6	4	3	3	4	4	4	3	2	4	200	2	1	3	3	3	2	3	3	7	-0.39																																																																																																																																																																																			
24.00	1	1	15	15	41	11	36	16	43	6	5	27	46	24	48	33	57	32	47	26	45	36	57	58	53	49	56	40	57	3.17	1.60	3.67	2.17	1.75	2.40	3.40	2.00	1	2	5	1	1	20	2	2	2	37	1	1	3	1	1	1	1	1	3	3	2	2	2	3	2	1	1	2	30	2	2	3	3	3	3	3	3	2	-0.76																																																																																																																																																																																			
25.00	1	1	20	20	48	16	46	19	47	4	6	28	47	23	46	20	42	32	47	26	45	29	48	43	44	42	50	35	51	2.33	3.20	3.00	2.17	3.33	2.50	1.20	1.50	2	1	6	1	1	0	2	3	2	39	2	1	1	1	1	1	1	1	3	3	3	2	2	2	2	3	3	3	200	1	2	3	3	3	3	3	3	7	-0.60																																																																																																																																																																																			
26.00	1	1	25	25	55	27	61	18	45	6	6	30	50	34	58	25	48	34	49	43	60	29	49	56	52	53	60	39	55	2.50	3.00	2.67	2.83	2.00	2.40	1.20	1.25	2	2	4	1	2	35	7	6	1	46	4	1	1	2	2	3	2	2	4	4	4	2	2	1	2	2	2	2	40	1	2	3	3	3	3	3	3	7	0.14																																																																																																																																																																																			
27.00	1	1	20	20	48	16	46	30	60	7	4	48	63	34	58	35	60	44	56	40	58	40	62	74	62	51	58	43	62	3.50	2.80	3.00	2.33	2.75	2.20	1.20	2.00	1	2	5	1	1	24	6	8	2	53	5	1	3	2	2	1	3	1	4	4	4	2	2	3	3	2	3	3	60	2	1	3	3	3	3	3	3	7	0.81																																																																																																																																																																																			
28.00	1	1	33	33	64	25	59	29	59	7	8	36	55	34	58	32	56	46	57	47	64	36	57	67	58	42	50	38	54	3.50	2.80	3.33	3.00	3.25	3.20	1.00	1.25	2	2	4	1	1	0	3	5	2	47	4	1	1	1	2	2	2	1	5	4	2	3	3	2	3	3	3	3	100	1	1	3	2	3	3	3	3	7	0.17																																																																																																																																																																																			
29.00	1	1	18	18	45	14	43	19	46	5	8	31	50	25	49	25	48	36	50	33	51	26	45	49	47	41	49	34	49	3.00	3.60	4.00	2.50	3.33	3.00	1.20	1.25	2	1	4	1	1	0	5	5	2	45	3	1	2	2	2	2	2	2	4	4	4	4	3	4	2	2	3	4	100	2	1	3	3	3	3	3	3	4	0.00																																																																																																																																																																																			
30.00	2	1	22	22	51	26	60	21	50	8	6	38	57	30	54	24	47	41	54	37	55	31	51	64	56	43	50	33	48	2.83	2.80	3.00	3.83	4.00	3.80	1.00	1.25	2	2	5	1	1	0	5	8	2	56	5	1	2	2	2	2	2	2	4	3	4	3	2	3	2	1	1	2	75	1	1	3	3	3	3	3	3	7	1.05																																																																																																																																																																																			
31.00	2	1	24	24	54	21	54	30	60	7	5	25	44	24	48	36	61	32	46	23	42	39	60	41	42	32	39	46	68	3.17	3.00	4.00	4.00	4.00	4.00	1.00	1.00	1	2	4	1	1	12	6	8	2	58	5	1	4	2	3	2	3	2	4	4	3	4	2	4	2	4	2	3	25	1	2	3	3	3	3	3	3	7	1.26																																																																																																																																																																																			
32.00	2	1	22	22	51	22	56	29	59	6	6	33	53	31	55	33	57	39	53	32	50	35	56	64	56	46	53	39	56	3.17	3.00	3.33	4.00	4.00	4.00	1.00	1.00	1	2	4	1	1	34	3	3	2	44	3	2	2	2	3	2	2	2	4	2	2	2	4	1	2	1	2	1	50	1	2	3	3	3	3	3	3	0	-0.08																																																																																																																																																																																			
33.00	2	1	23	23	52	16	46	26	56	6	6	28	47	28	52	30	54	30	45	34	52	31	51	58	53	43	51	37	53	3.33	2.00	3.33	3.50	3.50	2.80	1.00	1.00	1	2	4	1	1	21	3	3	2	41	2	1	3	2	2	2	3	1	4	3	2	4	4	4	1	2	1	2	100	1	2	3	3	3	3	3	3	7	-0.37																																																																																																																																																																																			
34.00	1	1	28	28	58	22	55	34	64	8	7	43	60	38	62	36	62	51	60	39	57	42	65	65	56	43	51	38	54	3.83	3.00	3.33	3.00	3.25	3.40	1.80	1.25	2	2	4	1	1	0	5	3	2	44	3	1	1	1	1	1	1	1	4	4	3	3	4	4	2	4	4	4	40	1	1	2	3	3	3	3	3	7	-0.10																																																																																																																																																																																			
35.00	1	1	16	16	41	33	67	22	50	7	8	32	51	48	70	30	54	40	53	54	69	33	53	70	59	59	67	42	61	2.50	2.60	3.67	3.00	3.00	3.00	1.40	1.00	1	2	4	1	1	20	3	5	2	44	3	2	3	2	3	2	2	3	4	2	2	3	1	3	2	1	1	3	50	2	1	1	3	3	3	3	3	0	-0.10																																																																																																																																																																																			
36.00	2	1	36	36	66	46	77	33	64	5	7	37	56	48	70	44	72	58	63	50	66	42	65	79	66	60	70	46	67	3.50	2.80	3.00	4.00	4.00	4.00	1.00	1.25	1	2	5	1	1	7	6	6	2	47	4	1	2	2	3	2	1	2	4	4	2	4	2	4	3	2	2	3	200	2	1	3	3	3	3	3	3	2	0.23																																																																																																																																																																																			
37.00	2	1	34	34	64	25	59	31	61	7	8	53	65	32	56	41	67	74	72	42	59	39	61	81	67	52	59	46	69	2.67	2.80	2.33	2.83	3.25	2.60	1.00	2.25	1	2	5	1	1	22	7	5	2	51	4	1	3	2	2	2	2	1	4	4	2	3	3	4	3	3	2	2	200	1	1	3	3	3	3	3	3	7	0.55																																																																																																																																																																																			
38.00	1	1	29	29	59	18	51	18	45	8	8	37	56	24	48	22	44	34	49	26	44	31	51	43	43	36	43	35	50	3.50	3.20	4.00	2.83	3.25	3.00	1.20	1.00	2	2	5	1	2	40	4	4	2	43	3	1	3	2	2	2	2	2	3	4	2	4	4	4	4	2	3	2	25	1	1	2	3	3	3	3	3	7	-0.16																																																																																																																																																																																			
39.00	1	1	21	21	50	19	52	15	41	7	3	22	40	25	49	17	38	32	47	38	56	28	47	48	47	49	56	34	49	2.83	3.00	3.00	3.00	3.50	2.60	1.20	1.00	1	2	4	1	1	30	6	6	2	38	1	1	3	2	3	3	3	2	4	3	3	2	1	3	3	3	3	3	100	1	1	3	3	3	3	3	3	4	-0.75																																																																																																																																																																																			
40.00	2	1	21	21	50	16	46	23	52	3	6	29	48	35	58	29	53	31	46	37	55	32	52	51	48	46	54	38	54	3.50	3.00	3.33	3.67	3.50	3.60	1.00	1.00	2	2	5	1	1	40	3	3	2	40	2	1	3	2	1	2	2	2	2	2	2	2	1	4	2	2	1	3	15	2	2	2	3	3	3	3	3	2	-0.52																																																																																																																																																																																			
41.00	2	1	28	28	58	33	66	35	65	7	7	39	57	38	61	38	64	50	59	52	68	44	69	70	60	54	61	46	67	3.33	3.00	4.00	3.83	3.67	3.75	1.20	1.75	1	2	4	1	1	0	6	8	2	57	5	1	2	1	1	1	2	1	4	4	3	4	2	3	2	2	1	2	100	1	1	3	3	3	3	3	3	6	1.19																																																																																																																																																																																			
42.00	1	1	22	22	51	25	59	27	57	9	6	32	52	35	59	30	54	37	52	45	62	34	54	51	48	58	65	44	64	3.17	3.40	3.00	3.67	3.50	4.00	1.00	1.25	1	2	5	1	1	45	6	3	2	48	4	1	3	3	3	3	3	2	3	3	2	4	2	4	2	1	1	2	100	1	2	3	3	3	3	3	3	2	0.30																																																																																																																																																																																			
43.00	1	1	22	22	50	25	59	24	53	7	8	23	41	30	54	32	56	28	42	34	52	32	53	58	53	44	52	40	58	3.17	3.20	2.00	2.67	3.00	3.20	1.20	2.75	1	1	5	1	1	27	6	6	2	55	5	1	3	3	3	3	3	3	5	3	2	3	1	4	2	2	2	2	75	1	1	2	3	3	3	3	3	7	0.97																																																																																																																																																																																			
44.00	2	1	30	30	61	28	62	15	42	8	8	41	59	33	57	17	37	50	60	38	57	22	40	68	58	44	52	33	48	3.67	3.40	4.00	3.50	3.75	3.40	1.00	1.75	1	2	7	1	1	9	3	5	2	44	3	1	2	2	3	2	3	2	4	3	3	3	3	2	3	2	2	2	75	2	2	3	3	3	3	3	3	7	-0.09																																																																																																																																																																																			
45.00	1	1	33	33	64	27	61	33	63	8	6	51	64	31	55	40	66	56	63	47	63	42	65	75	62	56	63	48	74	3.67	3.40	3.33	3.33	3.25	3.20	1.00	1.00	1	2	6	1	1	8	6	7	2	54	5	2	2	1	1	1	2	1	5	3	3	3	2	3	3	2	3	3	100	1	1	3	3	3	3	3	3	2	0.91																																																																																																																																																																																			
46.00	1	1	18	18	46	21	54	35	66	6	8	30	49	28	52	31	55	31	45	34	52	35	55	49	47	40	48	42	61	2.50	3.20	2.67	2.50	2.50	2.20	2.60	1.50	1	1	3	2	1	15	6	3	2	45	3	1	2	1	2	1	3	2	4	3	2	3	2	2	3	2	1	3	200	1	1	3	3	3	3	3	3	3	0.00																																																																																																																																																																																			
47.00	1	1	15	15	41	15	44	25	54	9	8	32	51	30	54	27	51	31	46	33	52	26	46	54	50	44	51	31	46	3.50	3.20	4.00	3.00	3.25	3.20	1.00	1.25	1	2	4	1	1	22	4	5	2	53	5	2	3	2	1	1	3	1	4	4	2	4	4	4	3	2	3	3	100	1	1	3	3	3	3	3	3	7	0.79																																																																																																																																																																																			
48.00	2	1	23	23	52	22	56	22	50	5	8	33	53	26	51	25	48	35	50	32	51	30	50	47	46	37	45	31	46	2.50	2.40	3.00	2.20	2.00	1.80	3.40	2.00	1	2	4	1	1	12	8	8	2	52	5	1	3	2	3	2	3	2	3	4	3	3	2	4	3	3	2	3	75	1	1	3	3	3	3	3	3	7	0.65																																																																																																																																																																																			
49.00	2	1	13	13	34	13	40	21	49	6	7	23	40	12	29	23	46	23	35	12	23	21	39	39	40	35	42	34	49	2.83	2.00	3.00	2.17	3.25	3.80	1.20	1.25	1	2	5	3	1	14	3	3	2	38	1	1	3	2	3	3	3	2	3	4	4	4	4	4	4	2	2	4	20	1	1	3	1	3	3	3	3	7	-0.71																																																																																																																																																																																			
50.00	2	1	23	23	53	30	64	29	59	2	5	29	49	36	59	32	56	31	45	40	58	35	56	58	53	53	60	45	66	3.50	2.40	3.67	2.83	3.25	3.00	1.40	1.00	1	2	6	1	1	38	2	3	2	39	2	1	3	1	1	1	2	1	2	4	3	3	2	4	2	4	1	1	200	1	2	3	3	3	3	3	3	7	-0.57																																																																																																																																																																																			
51.00	1	1	20	20	48	17	47	30	60	2	5	30	49	26	50	34	59	39	53	27	45	40	62	63	55	48	55	42	61	2.83	3.00	3.00	3.17	3.00	2.80	2.00	1.75	1	2	5	1	1	7	5	3	2	44	3	2	3	2	3	3	4	2	5	2	2	3	2	3	3	3	3	3	100	2	1	3	3	3	3	3	3	7	-0.08																																																																																																																																																																																			
52.00	2	1	39	39	68	31	65	25	54	3	8	56	67	37	60	26	50	68	69	40	58	29	49	76	63	47	54	30	45	3.50	2.20	4.00	4.00	4.00	4.00	1.00	1.25	2	2	4	1	1	0	6	5	2	51	4	2	2	1	2	2	3	2	6	4	3	4	3	3	4	2	3	4	100	1	2	3	3	3	3	3	3	3	0.61																																																																																																																																																																																			
53.00	1	1	25	25	54	24	59	30	60	7	5	42	59	37	61	32	57	42	54	39	57	33	53	70	60	56	63	40	57	2.83	2.60	3.33	1.83	2.75	2.40	2.20	2.00	1	2	5	1	1	8	3	5	2	47	4	2	2	2	2	2	1	3	4	2	2	4	1	2	2	1	3	2	50	1	1	3	3	3	3	3	3	2	0.18																																																																																																																																																																																			
54.00	1	1	29	29	59	22	55	26	56	6	8	38	57	41	65	27	51	33	48	38	56	34	54	39	40	52	59	41	58	2.50	2.00	3.00	2.33	2.25	2.00	2.60	1.75	1	2	6	1	2	9	5	6	2	46	4	1	3	2	2	2	4	2	2	2	2	4	2	4	2	1	1	2	50	2	2	2	3	3	3	3	3	5	0.09																																																																																																																																																																																			
55.00	2	1	33	33	64	27	61	40	72	6	6	37	56	42	65	40	67	37	51	46	63	45	71	71	60	50	57	46	69	3.83	3.00	3.67	3.67	3.50	3.20	1.20	1.25	1	2	4	1	1	47	8	6	2	61	5	1	3	2	2	4	3	2	5	4	3	3	3	4	3	3	2	2	150	1	1	2	3	2	2	2	2	2	1.57																																																																																																																																																																																			
56.00	1	1	34	34	64	26	60	37	68	7	6	35	54	33	56	42	70	38	52	36	55	40	63	65	57	51	58	44	64	3.67	3.60	3.33	3.17	3.00	2.80	1.20	1.25	1	2	4	1	1	45	5	5	2	44	3	1	2	2	2	1	2	1	4	4	3	2	3	4	3	3	3	3	200	2	1	3	3	3	3	3	3	7	-0.06																																																																																																																																																																																			
57.00	1	1	25	25	55	26	60	23	52	9	5	29	48	34	58	23	46	35	50	40	58	30	50	56	51	51	58	38	54	2.50	2.60	3.00	3.17	3.25	3.00	1.20	1.00	1	2	4	1	1	40	5	6	2	51	4	1	2	2	2	2	2	2	4	3	2	2	2	3	3	2	2	3	50	2	2	3	3	3	3	3	3	2	0.57																																																																																																																																																																																			
58.00	2	1	18	18	44	18	50	28	57	7	5	32	52	24	48	32	57	39	53	42	59	32	52	45	45	55	62	40	57	3.50	3.40	4.00	3.83	3.50	3.80	1.00	1.00	1	2	3	2	1	12	3	3	2	40	2	1	3	1	2	2	3	1	6	4	4	4	4	4	4	3	3	4	100	2	1	2	3	2	2	3	3	7	-0.48																																																																																																																																																																																			
59.00	2	1	28	28	58	25	59	26	55	8	6	34	54	36	60	33	58	45	56	41	59	37	58	62	55	57	64	41	59	3.83	3.40	4.00	2.83	3.50	3.80	1.00	2.25	1	2	4	1	1	40	8	5	2	56	5	1	3	2	3	2	2	3	4	3	2	4	4	4	4	4	3	3	40	2	2	3	3	3	3	3	3	7	1.13																																																																																																																																																																																			
60.00	1	1	17	17	43	18	50	23	52	4	5	26	45	25	49	24	47	39	53	34	53	31	51	63	55	34	42	37	53	3.50	2.80	4.00	3.50	3.50	3.60	1.60	1.50	1	1	4	1	1	7	8	8	2	60	5	1	3	1	3	1	2	1	4	4	3	3	2	3	3	2	3	3	150	2	1	3	3	3	2	3	3	6	1.51																																																																																																																																																																																			
61.00	1	1	61	45	79	40	72	41	74	9	6	82	82	56	77	44	74	82	78	50	66	43	66	79	65	57	64	46	67	3.50	3.20	2.67	3.83	3.50	3.40	1.00	1.25	1	2	5	1	1	38	8	8	2	63	5	1	1	1	1	3	2	1	5	4	3	4	3	3	4	3	4	3	200	1	1	3	2	3	3	3	3	7	1.77																																																																																																																																																																																			
62.00	1	1	21	21	50	18	49	15	41	6	8	33	52	22	45	25	48	29	43	21	38	25	44	53	50	46	54	27	42	2.50	3.00	3.00	3.00	2.75	3.00	1.80	1.25	1	2	4	1	1	6	2	2	2	36	1	1	3	2	2	2	2	3	2	3	3	2	3	4	4	2	4	2	30	1	1	3	3	3	3	3	3	3	-0.86																																																																																																																																																																																			
63.00	2	1	41	41	69	31	65	27	57	6	8	53	66	40	64	31	56	59	64	49	65	36	57	76	63	58	66	37	53	3.50	3.40	4.00	3.40	3.00	2.40	1.40	1.00	1	2	7	1	1	19	8	6	2	56	5	2	4	2	3	3	3	1	4	4	2	3	2	3	2	3	1	2	100	2	2	3	3	3	3	3	3	2	1.12																																																																																																																																																																																			
64.00	1	1	31	31	62	35	68	26	55	6	7	43	60	37	61	37	63	42	55	36	54	38	60	70	60	53	60	44	63	2.33	2.80	2.67	3.17	3.25	3.60	2.00	1.50	1	2	3	2	2	40	5	5	2	51	4	2	3	2	3	3	3	2	4	3	3	2	3	2	3	2	3	3	50	2	1	3	3	3	2	3	3	7	0.59																																																																																																																																																																																			
65.00	1	1	16	16	41	17	47	15	41	0	3	26	44	22	45	19	41	48	58	31	49	23	42	75	63	39	47	31	46	3.33	2.60	4.00	3.00	3.25	2.80	1.40	2.00	2	2	5	1	1	0	2	2	2	38	1	1	3	2	4	2	3	2	3	3	4	2	1	4	2	2	1	4	60	1	1	3	2	3	3	3	3	2	-0.69																																																																																																																																																																																			
66.00	2	1	22	22	51	22	55	22	50	8	8	32	52	41	64	26	50	35	50	39	57	32	52	57	52	56	63	34	49	3.67	2.60	3.00	3.67	3.25	3.40	1.20	1.25	1	2	6	1	1	25	2	2	2	38	1	1	2	2	2	2	2	2	4	3	3	4	3	4	4	3	4	3	10	1	2	2	3	3	1	2	3	5	-0.71																																																																																																																																																																																			
67.00	2	1	29	29	59	23	57	36	68	7	8	35	54	33	57	37	62	45	57	47	63	42	66	67	58	53	60	44	63	3.33	2.80	4.00	3.50	3.50	2.80	1.00	1.33	1	2	4	1	1	0	5	3	2	48	4	1	2	2	1	2	1	1	4	3	2	3	4	4	3	2	3	2	200	2	1	3	3	3	3	3	3	7	0.28																																																																																																																																																																																			
68.00	2	1	31	31	61	23	56	27	56	7	8	36	55	36	60	28	52	35	50	36	55	33	53	60	54	44	52	41	59	3.33	2.80	3.67	2.50	2.00	2.00	1.80	1.50	1	2	4	1	1	40	3	6	2	44	3	2	3	1	3	2	2	1	4	3	3	2	2	3	2	1	1	2	30	2	2	3	2	3	2	3	3	7	-0.06																																																																																																																																																																																			
69.00	2	1	26	26	56	25	59	33	64	6	6	52	65	43	66	41	67	60	65	41	58	43	66	76	64	57	65	47	70	3.67	2.80	4.00	4.00	4.00	4.00	1.00	1.25	1	2	4	1	1	34	6	9	2	60	5	2	3	2	2	2	2	2	4	4	4	4	4	4	3	3	2	3	50	2	2	3	3	3	3	3	3	7	1.49																																																																																																																																																																																			
70.00	1	1	31	31	61	24	58	38	70	9	8	43	60	40	64	36	61	44	56	36	55	41	63	61	54	48	55	41	59	3.00	3.60	3.00	3.00	3.50	2.80	1.40	1.50	1	2	4	1	1	20	5	6	2	53	5	1	3	1	2	3	1	1	4	4	4	4	3	3	2	3	3	2	70	2	2	2	3	3	3	3	3	5	0.82																																																																																																																																																																																			
71.00	1	1	14	14	38	8	29	10	33	2	6	25	44	18	40	14	33	34	48	22	40	18	36	54	50	38	46	30	44	2.50	2.80	2.67	1.33	2.75	1.60	2.00	2.75	2	2	4	1	1	0	3	2	2	39	2	1	2	1	2	1	2	1	3	3	3	3	3	2	3	2	2	3	50	1	1	3	3	3	3	3	3	5	-0.63																																																																																																																																																																																			
72.00	1	1	21	21	49	20	53	28	58	5	6	23	41	22	46	27	50	26	39	33	51	33	54	48	47	49	56	42	60	3.17	2.60	3.00	3.83	3.75	3.25	1.00	1.25	2	2	4	1	1	9	3	3	2	43	3	1	3	2	2	2	2	3	4	4	4	3	4	3	3	2	2	4	100	1	2	3	3	3	3	3	3	0	-0.23																																																																																																																																																																																			
73.00	1	1	27	27	57	23	57	25	55	5	6	38	57	31	55	35	60	43	55	52	67	35	56	62	55	54	61	41	59	3.00	3.20	3.33	4.00	4.00	4.00	1.20	1.25	1	2	6	1	1	20	6	9	2	65	5	1	3	2	3	3	4	2	4	4	3	4	3	4	4	3	2	4	200	2	1	3	3	3	3	3	3	7	2.04																																																																																																																																																																																			
74.00	1	1	27	27	57	24	59	15	41	8	7	38	57	32	55	26	50	46	57	35	53	29	49	78	65	52	59	38	54	3.50	3.20	3.67	3.00	3.50	2.75	1.20	2.00	2	2	5	1	1	0	5	3	2	42	2	1	4	2	2	2	2	2	4	4	3	4	3	4	3	3	3	4	50	1	1	3	3	3	3	3	3	5	-0.32																																																																																																																																																																																			
75.00	2	1	18	18	45	13	40	30	60	6	6	22	39	20	43	36	61	21	33	23	41	37	58	39	40	33	40	43	61	4.00	3.80	4.00	3.50	4.00	4.00	1.00	2.50	1	2	3	2	1	30	5	5	2	47	4	1	2	1	1	1	2	1	6	4	4	4	4	4	3	3	3	4	150	1	1	3	3	3	3	3	3	7	0.15																																																																																																																																																																																			
76.00	2	1	21	21	49	16	47	13	38	3	7	29	48	20	43	18	39	35	50	29	48	19	37	46	46	40	48	30	45	2.67	3.00	3.00	3.00	3.50	3.25	1.00	1.75	1	2	4	1	1	12	3	5	2	43	3	2	3	2	2	2	3	2	5	4	4	4	2	3	3	2	2	2	100	1	1	3	3	3	3	3	3	5	-0.19																																																																																																																																																																																			
77.00	2	1	40	40	68	36	69	34	65	7	8	39	58	40	64	42	69	55	62	47	63	42	65	74	62	57	64	45	65	3.83	3.40	4.00	3.17	2.75	2.60	1.40	2.25	1	1	4	1	1	35	6	6	2	51	4	2	1	1	1	2	1	1	5	3	4	3	3	2	3	2	1	3	100	2	2	3	3	3	3	3	3	7	0.60																																																																																																																																																																																			
78.00	1	1	27	27	57	19	51	34	65	6	4	35	54	31	55	29	53	41	54	32	51	33	54	67	57	44	51	40	57	3.17	3.00	3.00	2.50	3.00	3.00	1.00	1.50	1	2	4	1	1	23	3	5	2	44	3	1	1	1	2	2	2	2	5	3	3	2	2	3	2	2	4	3	100	1	2	3	3	3	3	3	3	7	-0.15																																																																																																																																																																																			
79.00	1	1	20	20	48	21	54	26	55	8	6	26	45	35	58	27	51	44	56	39	57	35	56	60	54	47	54	43	61	3.50	1.20	3.33	3.50	3.25	2.60	1.40	2.00	2	2	4	1	1	0	3	3	2	39	2	1	1	1	2	1	3	1	3	4	2	2	4	4	4	3	3	2	40	1	1	2	3	3	3	3	2	3	-0.56																																																																																																																																																																																			
80.00	1	1	23	23	52	21	54	24	53	5	2	36	55	32	56	33	58	45	56	34	53	34	55	58	53	43	50	39	56	3.17	2.80	3.33	2.67	3.25	2.50	1.80	1.50	1	2	5	1	1	47	5	5	2	49	4	1	3	2	2	2	3	1	4	3	3	2	3	3	3	2	2	2	150	2	2	3	3	3	3	3	3	2	0.40																																																																																																																																																																																			
81.00	2	1	20	20	47	18	50	29	59	9	8	33	52	29	53	38	64	38	52	32	50	39	61	54	50	48	55	42	59	3.50	3.00	3.67	3.50	4.00	3.40	1.80	1.50	2	2	5	1	1	4	6	6	2	53	5	1	4	2	3	2	2	1	4	4	4	3	3	4	2	3	2	3	60	2	2	3	3	3	3	3	3	7	0.75																																																																																																																																																																																			
82.00	2	1	29	29	59	32	65	32	62	9	8	38	57	40	64	32	57	45	56	48	64	36	57	69	59	58	66	41	59	3.67	3.20	3.33	2.50	3.25	2.80	1.00	1.75	1	1	4	1	1	8	8	8	2	60	5	1	2	1	2	1	1	1	4	4	4	4	2	4	2	2	2	3	100	1	2	3	3	3	3	3	3	7	1.48																																																																																																																																																																																			
83.00	1	1	30	30	60	26	60	37	69	8	8	40	58	37	61	44	73	51	60	41	59	42	65	72	61	52	58	46	69	3.67	3.00	3.67	3.67	3.25	4.00	1.00	1.00	1	2	4	1	1	35	5	8	2	59	5	1	2	2	2	2	3	2	4	4	2	4	3	4	3	2	3	4	200	1	1	3	3	3	3	3	3	5	1.37																																																																																																																																																																																			
84.00	2	1	22	22	50	21	54	15	41	8	7	33	53	23	47	23	46	37	51	32	51	25	44	60	54	44	51	31	46	2.50	2.60	3.33	1.83	3.00	3.40	1.80	1.00	1	2	5	1	1	40	3	2	2	38	1	1	3	2	1	1	3	2	3	4	2	4	2	2	2	1	1	2	50	2	1	3	3	3	3	3	3	7	-0.68																																																																																																																																																																																			
85.00	2	1	14	14	39	11	37	21	49	2	8	15	27	14	32	23	46	18	27	27	46	26	45	36	38	23	29	28	43	3.50	2.80	4.00	2.17	2.00	2.00	3.60	2.75	2	1	4	1	2	0	2	3	2	37	1	1	1	1	1	1	1	1	4	4	4	4	3	4	4	3	3	4	40	1	1	3	3	2	3	3	3	7	-0.82																																																																																																																																																																																			
86.00	2	1	35	35	65	27	61	24	54	7	8	54	66	33	57	26	49	56	62	43	61	30	50	69	59	50	57	40	58	2.83	3.60	3.67	4.00	4.00	4.00	1.00	1.00	2	2	5	1	1	0	5	5	2	46	4	1	2	1	2	1	1	1	3	4	2	3	4	2	1	2	1	3	80	2	1	3	3	3	3	3	3	7	0.10																																																																																																																																																																																			
87.00	1	1	32	32	63	26	60	28	58	6	8	36	55	34	58	32	56	49	59	40	58	35	56	61	54	51	58	37	54	3.67	3.40	4.00	3.00	3.00	3.00	1.60	1.25	1	1	5	1	1	8	3	3	2	44	3	1	2	2	2	3	1	1	2	4	4	1	3	4	4	3	3	4	75	1	1	3	3	2	3	3	3	2	-0.07																																																																																																																																																																																			
88.00	1	1	23	23	53	26	60	38	69	7	8	26	44	34	58	38	63	28	42	41	59	41	63	46	46	51	58	43	62	3.83	2.20	4.00	4.00	3.75	3.80	1.00	1.00	1	1	4	1	1	8	6	6	2	56	5	1	1	1	1	1	2	1	4	4	4	3	3	3	3	3	3	3	200	1	1	3	3	3	3	3	3	7	1.11																																																																																																																																																																																			
89.00	1	1	19	19	46	22	55	26	55	8	3	32	51	24	49	34	58	35	49	31	50	38	59	57	52	50	57	43	62	3.67	2.60	3.33	2.67	2.00	2.20	3.20	2.00	1	2	4	1	1	36	5	6	2	46	3	1	2	1	2	3	2	1	4	4	3	2	2	4	3	3	2	3	75	1	1	3	3	3	3	3	3	2	0.06																																																																																																																																																																																			
90.00	2	1	24	24	53	28	62	20	48	7	8	26	45	31	55	26	50	41	54	41	58	33	53	63	55	55	62	42	59	3.33	2.60	3.33	3.83	3.75	4.00	1.20	1.00	2	2	4	1	1	0	4	5	2	44	3	2	2	2	2	3	2	2	4	3	4	4	2	3	3	3	2	3	200	1	2	3	3	3	3	3	3	2	-0.11																																																																																																																																																																																			
91.00	2	1	18	18	45	18	50	20	49	8	5	33	52	25	50	23	45	35	49	34	53	25	44	64	56	46	54	34	50	3.33	2.00	4.00	2.83	3.25	3.00	2.40	1.75	1	2	5	1	1	28	3	3	2	40	2	1	3	2	4	2	3	2	3	2	2	2	1	2	2	1	3	2	10	1	2	2	3	3	3	3	3	2	-0.47																																																																																																																																																																																			
92.00	2	1	20	20	47	17	48	10	31	5	4	26	45	22	45	11	27	32	47	27	45	11	24	64	56	39	47	20	33	2.00	2.40	1.67	2.00	3.50	2.80	1.40	1.25	2	1	5	1	1	0	4	2	2	40	2	1	3	1	3	2	3	1	5	4	3	2	3	2	4	3	3	2	45	1	1	2	3	3	3	3	3	4	-0.53																																																																																																																																																																																			
93.00	1	1	21	21	49	17	48	22	51	4	8	33	53	27	51	28	51	30	45	24	43	30	50	61	54	48	56	34	50	3.17	2.80	3.33	3.17	3.25	3.00	1.40	2.00	2	2	4	1	1	0	3	2	2	40	2	1	2	2	2	2	2	2	2	4	1	4	4	4	3	4	4	4	60	1	2	2	3	3	2	3	3	2	-0.55																																																																																																																																																																																			
94.00	1	1	14	14	37	11	37	9	29	3	3	18	33	16	37	16	37	17	26	14	26	20	38	21	18	25	32	22	35	2.00	1.60	4.00	1.50	2.00	1.60	2.60	1.00	1	1	5	1	1	20	1	3	2	35	1	1	1	1	1	1	2	1	4	2	2	2	3	3	2	1	2	3	20	2	2	3	3	3	3	3	3	1	-1.00																																																																																																																																																																																			
95.00	2	1	22	22	51	20	52	33	64	8	6	32	52	30	54	40	66	33	48	32	51	38	60	55	51	46	53	43	61	3.50	3.20	3.33	3.33	3.00	2.80	1.40	1.25	2	2	3	3	1	13	4	5	2	42	3	2	1	2	2	2	2	1	5	3	3	2	2	4	4	2	2	4	100	2	1	3	2	3	3	3	3	7	-0.30																																																																																																																																																																																			
96.00	2	1	33	33	63	27	61	31	61	8	7	49	63	34	58	31	55	55	62	33	51	35	56	70	60	51	58	45	65	3.50	2.80	4.00	3.33	3.25	3.00	1.40	2.00	1	2	7	1	1	6	3	5	2	46	4	1	2	1	2	1	3	2	4	3	3	4	3	4	3	4	2	4	200	2	2	3	3	3	3	3	3	7	0.13																																																																																																																																																																																			
97.00	2	1	19	19	47	21	54	14	39	6	7	34	54	26	50	17	38	40	54	34	52	22	40	74	62	44	51	25	39	2.33	2.40	2.67	2.00	2.00	2.40	1.00	1.25	1	1	9	1	1	27	6	8	2	61	5	2	4	2	3	3	4	1	4	3	2	3	2	3	3	2	2	1	32	2	1	3	3	3	3	3	3	7	1.56																																																																																																																																																																																			
98.00	2	1	26	26	56	19	51	23	52	8	8	43	60	26	50	32	56	48	58	31	49	34	55	60	54	45	53	37	54	3.50	3.60	4.00	4.00	4.00	3.60	1.60	1.75	1	2	4	1	1	45	5	3	2	49	4	2	1	1	1	1	1	1	4	3	3	3	3	4	2	2	3	3	100	1	1	3	3	3	3	3	3	5	0.41																																																																																																																																																																																			
99.00	1	1	71	46	84	29	63	23	52	3	4	71	75	35	59	35	60	74	72	42	60	40	62	77	64	55	62	37	53	3.00	3.00	3.33	2.33	3.00	2.80	1.60	1.00	1	2	4	1	1	82	7	6	2	48	4	2	2	1	3	3	1	2	4	3	2	2	1	3	3	3	3	3	200	2	1	3	3	3	3	3	3	4	0.33																																																																																																																																																																																			
100.00	2	1	26	26	55	16	46	11	33	6	8	30	50	15	34	18	39	33	47	23	42	22	40	53	50	38	46	24	38	3.33	3.40	3.00	2.17	3.75	2.40	1.20	3.75	1	2	3	2	1	7	5	5	2	48	4	2	1	2	2	2	2	2	3	4	3	4	4	4	3	3	1	3	100	2	1	3	2	3	3	3	3	3	0.29																																																																																																																																																																																			
101.00	2	2	15	15	40	13	41	14	40	3	7	37	56	29	53	20	42	41	54	31	50	28	47	62	55	43	51	40	57	3.67	3.00	3.00	3.33	3.00	3.40	1.80	1.25	1	1	3	2	1	36	3	3	2	39	2	1	2	2	2	2	2	2	4	4	3	3	1	2	3	1	3	2	25	1	1	2	3	2	3	3	3	2	-0.58																																																																																																																																																																																			
102.00	1	2	16	16	42	19	52	34	64	4	7	39	58	30	54	30	54	37	51	32	50	36	57	43	44	38	46	41	58	3.67	3.00	3.67	2.67	2.00	2.80	2.60	1.50	1	2	4	1	1	8	3	3	2	40	2	1	2	2	3	2	2	2	4	2	3	3	3	3	3	3	3	4	25	1	2	2	3	3	3	3	3	2	-0.50																																																																																																																																																																																			
103.00	2	2	24	24	54	17	48	18	46	8	8	27	46	29	53	19	41	35	50	26	45	21	39	48	47	43	50	27	41	3.33	2.40	3.00	3.80	4.00	4.00	1.40	1.00	1	1	8	1	1	32	3	3	2	39	2	1	1	1	1	1	1	1	6	2	1	3	2	4	3	1	1	3	20	2	2	2	3	3	3	3	3	1	-0.63																																																																																																																																																																																			
104.00	1	2	16	16	41	11	36	21	50	2	6	21	38	15	35	23	46	22	35	20	36	24	43	39	41	30	37	35	51	2.50	3.20	3.00	2.67	2.00	2.20	3.40	2.00	1	1	5	2	1	40	6	5	2	51	4	1	2	2	2	2	2	1	5	3	3	4	3	2	3	2	1	2	50	1	2	3	3	3	3	3	3	3	0.55																																																																																																																																																																																			
105.00	2	2	28	28	58	29	62	30	60	5	8	44	61	35	58	30	54	47	58	37	55	31	51	61	54	42	49	33	49	2.67	3.00	3.33	3.83	3.50	3.20	1.80	1.00	1	2	6	1	1	40	3	3	2	40	2	1	2	1	1	1	1	1	5	4	2	2	2	3	2	3	1	2	45	1	1	3	3	3	3	3	3	2	-0.53																																																																																																																																																																																			
106.00	1	2	29	29	59	17	48	25	54	5	8	32	52	30	54	29	53	27	41	25	44	32	52	45	45	43	51	33	48	3.17	3.40	4.00	3.00	3.25	3.40	1.40	1.00	1	2	3	2	1	74	5	4	2	44	3	1	3	2	2	2	2	1	6	3	4	4	3	4	3	2	2	3	150	2	1	3	3	3	3	3	3	7	-0.06																																																																																																																																																																																			
107.00	1	2	30	30	60	17	49	22	51	6	8	40	58	24	49	23	46	52	61	32	50	27	46	65	56	46	53	34	50	3.33	3.00	3.67	2.33	3.25	3.00	1.20	1.25	2	2	4	1	1	45	6	6	2	49	4	1	2	2	1	1	2	1	5	4	4	4	3	4	3	2	1	4	90	1	1	3	3	3	3	3	3	1	0.43																																																																																																																																																																																			
108.00	1	2	22	22	51	33	66	27	57	3	7	43	60	33	57	29	53	46	57	38	56	36	57	52	49	43	51	36	52	3.33	2.80	4.00	3.33	3.00	3.25	1.60	1.25	1	2	3	2	2	40	5	3	2	43	3	2	2	2	2	2	2	2	4	3	3	4	3	4	3	3	3	3	30	1	2	3	3	3	3	3	3	4	-0.20																																																																																																																																																																																			
109.00	1	2	21	21	49	19	51	16	43	9	5	48	63	31	55	19	41	59	64	37	55	28	48	69	59	48	55	29	44	2.33	3.60	1.67	3.83	3.00	3.40	2.00	1.25	1	2	4	1	1	30	4	3	2	41	2	1	2	2	3	2	1	1	2	2	2	4	2	4	2	2	3	2	30	1	2	2	3	2	2	3	3	2	-0.38																																																																																																																																																																																			
110.00	1	2	22	22	51	17	48	16	43	4	6	32	52	15	35	14	34	31	46	21	39	22	40	41	42	35	42	35	50	2.83	2.60	3.67	2.67	3.25	2.80	2.00	1.50	1	2	5	1	1	35	6	8	2	53	5	2	3	2	2	2	1	1	5	4	3	4	2	4	2	1	4	2	150	1	1	3	3	3	3	3	3	7	0.76																																																																																																																																																																																			
111.00	2	2	16	16	42	21	54	20	49	7	8	30	49	32	56	22	44	38	52	39	57	30	49	45	45	47	54	35	51	2.83	3.40	3.33	4.00	3.67	3.75	1.00	2.00	1	2	3	3	1	45	2	3	2	40	2	1	1	2	2	2	1	2	4	3	2	2	4	4	3	3	4	2	50	1	1	3	3	3	3	3	3	3	-0.54																																																																																																																																																																																			
112.00	1	2	21	21	49	22	55	23	52	7	8	43	60	30	54	33	57	47	58	40	58	32	52	65	57	50	57	38	54	2.83	2.80	3.67	3.00	2.75	3.00	1.40	1.25	2	2	4	1	1	0	5	4	2	45	3	1	3	2	3	3	1	2	2	3	2	2	2	3	2	1	3	3	30	1	2	2	3	3	3	3	3	1	0.00																																																																																																																																																																																			
113.00	2	2	39	39	68	23	57	30	60	7	8	43	60	31	55	32	57	56	62	38	56	33	53	67	58	46	53	42	60	3.83	3.60	4.00	3.83	3.67	3.20	1.40	1.00	1	2	4	1	1	35	8	6	2	59	5	2	2	1	3	1	2	1	6	4	2	4	2	4	4	3	2	4	100	1	1	3	3	3	3	3	3	6	1.44																																																																																																																																																																																			
114.00	1	2	13	13	37	14	43	13	38	8	8	33	53	30	54	32	56	25	38	30	49	33	53	46	45	39	47	35	51	3.17	2.60	3.33	2.17	2.75	2.60	1.60	1.25	1	2	12	1	1	20	2	5	2	40	2	1	2	2	2	2	3	2	4	2	1	2	2	4	3	2	2	3	150	1	2	3	3	3	3	3	3	7	-0.46																																																																																																																																																																																			
115.00	2	2	21	21	49	18	50	17	44	6	7	27	46	28	52	35	60	33	47	36	54	31	51	65	56	51	58	38	54	3.00	2.40	2.67	2.67	2.00	2.60	1.60	1.50	2	2	6	5	1	24	3	3	2	40	2	1	3	2	2	2	3	2	2	2	1	2	1	3	2	2	1	2	30	1	2	2	2	2	3	3	3	7	-0.53																																																																																																																																																																																			
116.00	1	2	23	23	52	21	55	26	56	8	8	28	48	25	49	26	50	38	52	32	50	27	47	47	46	40	48	36	52	3.00	2.80	3.33	2.17	2.67	2.50	1.20	1.50	1	2	5	1	1	10	6	5	2	49	4	1	3	2	3	1	3	1	6	4	4	4	4	4	4	2	3	4	45	1	1	2	3	3	3	3	3	7	0.43																																																																																																																																																																																			
117.00	2	2	14	14	39	11	37	8	27	1	5	23	41	19	41	15	34	27	41	21	39	17	34	57	52	38	46	21	35	2.67	3.00	3.00	1.67	3.50	2.60	1.00	1.75	2	2	7	1	1	0	2	3	2	33	1	1	2	2	2	2	2	2	3	2	3	2	2	4	2	2	1	2	15	1	2	3	3	2	3	3	3	4	-1.22																																																																																																																																																																																			
118.00	1	2	29	29	59	17	49	16	42	2	8	32	51	25	49	23	46	47	57	31	50	26	45	56	52	40	48	30	45	3.00	2.60	3.67	3.50	2.75	2.80	1.20	1.25	1	2	3	2	1	45	5	3	2	47	4	1	2	2	2	1	2	2	4	3	3	4	2	2	2	2	1	2	50	1	1	2	3	3	3	3	3	1	0.16																																																																																																																																																																																			
119.00	2	2	20	20	48	20	53	17	45	8	5	26	44	24	48	19	41	34	49	32	50	28	47	60	54	45	52	32	47	3.50	3.00	4.00	3.33	3.25	3.40	2.00	1.50	1	2	4	1	1	80	3	3	2	37	1	1	2	2	3	2	2	2	2	2	2	3	2	3	3	2	2	3	35	1	1	2	2	2	2	2	2	2	-0.79																																																																																																																																																																																			
120.00	1	2	19	19	47	14	42	15	41	3	8	29	49	25	50	27	51	37	51	37	56	34	54	30	32	45	52	41	58	2.83	3.20	3.00	3.83	3.75	3.80	1.80	1.25	2	2	3	2	1	0	2	2	2	37	1	1	2	2	2	1	1	1	5	3	2	3	3	3	3	3	3	3	3	1	2	3	3	3	2	3	3	3	-0.77																																																																																																																																																																																			
121.00	2	2	15	15	39	14	43	21	50	2	6	23	41	15	34	19	40	28	42	20	38	23	42	51	48	21	27	25	39	3.33	2.40	3.00	2.17	2.50	2.80	2.20	1.00	1	2	6	1	1	40	3	3	2	39	2	1	3	2	2	2	3	2	3	4	4	4	3	2	4	1	2	4	20	1	2	2	1	1	1	1	1	3	-0.58																																																																																																																																																																																			
122.00	1	2	16	16	42	12	38	17	44	3	7	25	44	20	42	25	48	34	49	18	34	27	46	41	42	36	44	32	47	3.17	2.80	3.67	2.33	3.00	2.80	1.00	1.00	2	1	4	1	1	0	6	6	2	48	4	1	2	1	2	3	2	2	4	2	2	4	2	2	3	2	2	4	100	1	1	3	3	3	3	3	3	2	0.33																																																																																																																																																																																			
123.00	1	2	15	15	40	9	30	16	42	8	8	30	50	14	33	20	42	27	41	19	36	20	38	34	37	25	32	22	36	3.50	2.00	3.00	2.17	2.25	2.60	2.40	1.75	1	2	6	1	1	20	2	2	2	34	1	1	2	2	2	2	2	3	2	4	2	2	4	4	2	1	1	1	4	1	1	1	1	1	2	1	1	7	-1.10																																																																																																																																																																																			
124.00	1	2	21	21	49	20	52	13	38	5	6	23	41	20	43	27	50	34	49	24	43	35	56	39	41	33	41	40	57	2.50	3.40	3.67	2.17	2.00	2.20	2.40	2.00	2	2	6	1	2	0	5	5	2	46	4	1	2	1	1	1	1	1	6	4	4	4	3	4	4	2	4	4	100	1	1	3	3	3	3	3	3	7	0.13																																																																																																																																																																																			
125.00	2	2	29	29	59	20	53	11	34	5	7	30	50	19	41	10	24	42	55	21	39	17	34	56	52	40	48	16	28	3.00	3.20	4.00	2.00	1.67	2.00	2.40	1.75	1	2	2	4	1	80	5	3	2	46	4	2	1	1	3	5	4	1	4	3	3	4	2	4	4	2	1	2	30	1	2	3	3	3	3	3	3	1	0.12																																																																																																																																																																																			
126.00	2	2	32	32	63	19	52	19	47	6	7	34	54	31	55	22	44	43	55	30	49	25	45	60	54	39	47	30	44	2.83	3.20	3.00	3.00	3.67	2.80	1.60	1.00	1	2	4	1	1	52	5	5	2	46	4	2	2	2	2	1	1	1	6	3	3	3	2	3	3	2	3	2	50	1	1	2	3	3	3	3	3	1	0.09																																																																																																																																																																																			
127.00	1	2	32	32	62	25	59	30	60	4	7	34	53	35	59	29	53	57	63	41	59	43	67	54	50	38	46	32	47	3.00	3.20	4.00	3.80	3.75	3.80	1.00	1.00	1	2	3	2	1	50	5	5	2	53	5	1	2	2	1	3	1	1	4	4	2	4	2	3	2	4	2	4	50	1	1	3	3	3	3	3	3	7	0.75																																																																																																																																																																																			
128.00	1	2	14	14	38	8	28	10	30	1	6	21	38	15	34	14	32	24	37	11	21	19	37	50	48	20	24	29	44	3.50	2.60	4.00	2.00	2.00	2.40	3.00	2.00	1	2	4	2	1	45	5	5	2	49	4	1	1	2	3	1	3	2	4	4	1	4	3	4	4	3	4	3	50	1	2	3	3	3	3	3	3	3	0.40																																																																																																																																																																																			
129.00	2	2	25	25	55	20	53	27	56	7	8	31	51	27	51	33	58	37	51	37	55	34	55	63	56	45	52	37	53	3.83	3.40	3.67	3.83	4.00	3.80	1.40	1.00	1	2	5	1	1	75	3	5	2	40	2	1	1	1	1	1	1	1	5	4	4	4	4	4	4	3	4	3	50	1	1	2	3	3	3	3	3	7	-0.49																																																																																																																																																																																			
130.00	1	2	23	23	52	19	52	19	46	9	6	33	53	31	55	25	48	39	53	31	50	26	46	50	48	39	47	35	51	3.17	2.80	3.67	2.17	3.00	2.60	2.00	2.00	1	2	5	1	1	35	5	3	2	48	4	2	2	2	2	3	2	2	4	3	2	3	3	4	2	3	4	4	30	1	2	2	3	3	3	3	3	7	0.29																																																																																																																																																																																			
131.00	2	2	22	22	51	21	55	24	53	9	8	36	55	32	56	30	54	45	57	35	53	30	50	68	59	42	50	34	49	3.17	2.80	3.33	2.67	3.00	2.60	2.20	2.75	1	1	4	1	1	70	5	3	2	42	3	1	2	1	1	1	1	1	6	2	4	4	2	4	2	2	4	2	50	1	1	3	3	3	3	3	3	2	-0.29																																																																																																																																																																																			
132.00	2	2	25	25	55	19	51	19	47	5	4	33	53	20	43	28	52	38	52	24	42	33	53	54	50	39	47	33	49	3.00	2.40	3.00	2.17	2.50	2.80	3.50	1.75	1	1	8	1	1	48	7	3	2	50	4	1	2	1	3	3	3	1	4	4	4	4	3	4	3	2	3	2	150	1	1	3	3	3	3	3	3	2	0.46																																																																																																																																																																																			
133.00	1	2	16	16	42	11	36	19	47	2	7	20	37	14	32	21	44	24	37	20	38	23	42	51	48	34	42	29	44	4.00	3.00	3.00	1.83	2.50	2.20	1.80	1.00	2	2	3	2	1	40	3	3	2	37	1	1	1	1	1	1	1	1	3	2	3	4	2	4	2	1	3	1	20	1	2	2	3	2	3	3	2	1	-0.76																																																																																																																																																																																			
134.00	2	2	43	43	70	43	75	30	60	8	8	54	66	42	65	34	59	56	63	45	62	38	59	68	58	55	62	40	57	3.33	3.00	4.00	4.00	4.00	4.00	1.00	1.00	1	2	4	1	1	30	7	6	2	56	5	2	2	2	2	3	2	1	5	4	1	3	3	2	3	2	1	2	70	2	2	3	3	3	3	3	3	0	1.08																																																																																																																																																																																			
135.00	2	2	16	16	41	13	40	24	53	6	8	28	47	16	36	32	56	25	38	15	28	32	52	45	45	30	37	35	51	3.17	2.80	3.67	3.00	3.00	3.40	1.20	1.50	2	2	3	2	1	45	5	3	2	45	3	1	4	2	2	2	3	2	4	3	4	4	1	4	4	4	1	2	40	2	2	3	3	3	3	3	3	0	-0.03																																																																																																																																																																																			
136.00	1	2	13	13	35	13	42	18	46	1	6	37	56	19	40	23	46	38	52	21	38	27	46	49	47	39	47	34	49	2.50	3.00	3.00	2.83	3.00	3.40	1.80	1.00	2	2	7	1	1	0	6	5	2	47	4	1	3	2	2	2	2	2	4	3	3	3	3	4	3	4	3	3	22	1	1	3	3	3	3	3	3	7	0.24																																																																																																																																																																																			
137.00	1	2	30	30	61	14	44	23	52	8	6	40	58	32	56	29	53	46	57	36	54	30	50	67	58	46	53	38	55	3.17	2.80	4.00	2.33	2.75	3.00	2.00	2.00	1	2	5	1	1	35	5	3	2	48	4	2	2	2	2	3	2	2	4	3	2	2	3	4	2	4	4	4	30	1	2	2	3	3	3	3	3	7	0.29																																																																																																																																																																																			
138.00	1	2	14	14	37	12	40	11	35	4	8	24	42	15	35	17	39	28	42	19	36	23	42	42	43	25	32	30	44	3.67	3.20	2.33	2.00	3.00	2.80	1.60	2.00	1	2	7	1	1	40	3	6	2	49	4	1	2	2	2	2	2	2	4	3	3	2	1	4	4	1	2	3	60	1	2	2	3	3	3	3	3	1	0.38																																																																																																																																																																																			
139.00	1	2	16	16	42	13	42	21	49	6	7	27	46	18	40	21	44	31	46	22	40	30	49	47	46	35	43	35	50	3.17	3.00	3.67	2.17	3.00	3.00	1.80	2.00	2	2	4	1	1	40	3	4	2	47	4	1	3	2	4	3	3	3	5	2	2	1	3	3	2	1	4	2	6	2	2	3	3	3	3	3	3	2	0.23																																																																																																																																																																																			
140.00	2	2	14	14	38	11	37	14	39	1	2	23	40	14	32	14	34	26	39	20	37	22	40	27	28	20	25	17	29	2.67	2.20	2.33	3.33	3.50	3.00	1.40	1.25	1	2	7	1	1	46	3	2	2	35	1	1	2	2	2	2	2	2	3	3	2	2	3	4	3	1	3	3	3	1	1	1	1	1	3	3	1	5	-1.01																																																																																																																																																																																			
141.00	1	2	21	21	49	15	44	17	45	4	7	25	43	23	47	19	40	29	43	27	46	23	41	39	40	38	45	33	48	2.67	3.60	2.67	2.00	2.00	2.20	3.00	2.25	1	2	6	1	1	32	4	4	2	47	4	2	3	2	4	3	3	3	4	3	2	2	2	3	2	3	1	2	15	1	1	2	3	3	3	3	3	7	0.18																																																																																																																																																																																			
142.00	1	2	28	28	58	23	57	30	60	6	8	40	58	36	60	34	59	42	55	45	62	37	58	72	61	48	55	43	62	2.50	3.00	2.33	4.00	4.00	3.60	1.00	1.00	1	2	3	2	1	14	3	5	2	43	3	1	2	2	2	2	2	2	3	2	4	3	2	4	3	1	2	4	4	2	2	2	3	3	3	3	3	2	-0.21																																																																																																																																																																																			
143.00	1	2	24	24	53	21	54	14	40	9	7	26	45	32	56	18	39	37	51	37	55	25	44	58	52	40	48	33	48	2.67	3.00	3.67	2.17	2.00	2.60	3.40	2.00	1	2	3	2	1	39	5	5	2	47	4	2	1	1	1	1	1	1	6	3	4	4	3	4	3	2	3	2	100	1	1	2	3	3	3	3	3	4	0.20																																																																																																																																																																																			
144.00	1	2	31	31	62	26	60	35	66	6	8	42	60	34	58	28	52	49	59	39	57	33	53	71	60	53	59	44	64	2.67	3.00	3.33	2.00	2.25	2.00	2.20	2.00	1	2	3	2	1	60	4	4	2	41	2	1	1	1	1	1	1	2	4	3	2	4	2	4	3	4	2	4	26	1	2	2	3	3	2	3	3	7	-0.43																																																																																																																																																																																			
145.00	2	2	20	20	48	14	43	10	31	1	8	36	55	23	47	14	34	48	58	30	48	20	38	52	49	38	46	23	37	2.83	3.20	4.00	2.33	3.00	2.50	2.60	1.50	1	2	3	2	1	40	6	5	2	53	5	1	2	2	2	2	2	2	4	3	2	3	2	3	3	2	2	3	50	1	2	3	3	3	3	3	3	7	0.81																																																																																																																																																																																			
146.00	1	2	28	28	59	28	62	29	59	5	8	37	56	36	60	18	39	43	56	49	65	25	44	56	52	50	57	32	48	3.17	3.00	3.33	3.83	3.67	3.20	1.20	1.00	1	2	3	2	1	0	3	5	2	43	3	1	2	2	2	2	2	2	6	4	2	3	2	4	4	1	2	3	15	1	1	2	3	3	3	3	3	0	-0.22																																																																																																																																																																																			
147.00	2	2	41	41	69	25	60	27	57	8	8	53	66	34	58	30	54	62	65	41	59	33	53	68	58	53	60	39	55	3.83	3.60	3.67	3.50	3.75	3.60	1.00	1.00	1	2	5	1	1	30	7	6	2	59	5	1	1	1	2	3	1	1	5	3	2	4	3	3	4	2	2	3	65	1	1	3	3	3	3	3	3	2	1.43																																																																																																																																																																																			
148.00	2	2	30	30	60	21	54	24	53	4	8	45	61	32	56	29	52	49	59	34	53	30	50	63	56	44	52	34	49	3.17	2.20	2.67	2.83	3.50	3.00	1.80	1.00	1	1	4	1	1	12	3	3	2	38	1	1	2	2	3	2	3	2	2	4	2	4	2	4	2	2	1	2	30	1	2	3	3	3	3	3	3	7	-0.71																																																																																																																																																																																			
149.00	1	2	16	16	41	14	42	23	52	5	8	31	50	24	48	12	29	38	52	22	40	16	32	56	51	25	32	19	31	3.50	3.20	3.33	3.00	3.00	3.00	1.20	2.00	1	2	7	1	1	107	2	3	2	40	2	1	2	2	2	2	2	2	6	4	2	2	2	4	2	1	2	2	200	1	2	3	3	3	3	3	3	2	-0.54																																																																																																																																																																																			
150.00	2	2	20	20	48	16	47	19	47	8	8	35	55	31	55	24	47	43	55	33	51	23	42	52	49	45	53	33	48	3.00	3.00	4.00	3.17	4.00	4.00	1.60	1.00	1	2	5	1	1	35	5	3	2	43	3	1	1	1	1	1	1	1	5	3	2	4	2	3	2	2	2	3	100	1	1	2	3	2	3	3	3	3	-0.25																																																																																																																																																																																			
151.00	1	2	22	22	51	21	54	21	50	5	8	33	53	23	47	21	44	36	50	27	46	26	46	61	54	40	47	39	56	3.00	3.60	3.67	3.17	3.75	3.50	1.80	2.00	1	2	3	2	1	35	5	5	2	45	3	2	2	2	2	3	1	2	4	4	4	4	3	3	2	2	2	3	20	1	2	3	3	3	2	3	3	3	0.03																																																																																																																																																																																			
152.00	1	2	24	24	54	25	59	25	54	8	6	38	57	36	59	28	52	47	58	43	61	34	54	72	60	42	50	41	58	3.33	3.40	4.00	3.50	3.25	3.00	1.75	1.00	1	1	5	1	1	70	3	3	2	40	2	1	3	2	3	3	3	2	4	4	4	4	4	4	4	2	4	4	20	1	1	2	3	2	2	3	3	4	-0.54																																																																																																																																																																																			
153.00	2	2	29	29	59	19	51	16	42	7	8	38	57	23	47	20	42	47	58	38	57	25	44	66	57	43	51	29	43	3.67	3.00	4.00	3.17	3.00	3.00	1.80	1.25	1	1	6	1	1	15	3	3	2	40	2	1	1	2	2	2	1	2	2	3	4	4	2	4	4	1	2	2	20	1	1	3	3	3	3	3	3	2	-0.51																																																																																																																																																																																			
154.00	1	2	17	17	43	16	46	28	58	6	8	29	48	19	41	36	61	35	50	30	48	33	53	48	47	40	48	37	53	4.00	3.00	3.67	3.00	2.75	3.00	2.00	1.25	1	1	5	1	1	80	5	3	2	47	4	1	1	1	1	1	1	1	4	4	2	4	4	4	3	4	3	4	100	1	1	3	3	3	3	3	3	7	0.22																																																																																																																																																																																			
155.00	2	2	23	23	52	24	58	24	53	4	6	34	53	27	52	30	54	44	56	32	51	29	49	66	57	54	61	42	60	3.50	3.20	3.33	3.50	3.00	3.60	1.20	1.75	1	1	4	1	1	60	3	3	2	45	3	1	1	1	1	1	1	1	4	3	3	4	3	4	3	3	3	3	75	1	1	2	3	3	3	3	3	2	-0.05																																																																																																																																																																																			
156.00	1	2	12	12	30	12	39	9	29	4	3	19	34	14	32	13	31	20	32	14	26	15	31	31	33	34	42	18	30	1.83	1.60	2.67	2.67	3.00	2.80	1.20	1.50	1	2	4	1	1	75	5	3	2	43	3	1	3	2	3	2	3	2	4	4	3	4	3	2	3	2	1	4	50	2	1	2	3	2	3	1	3	2	-0.24																																																																																																																																																																																			
157.00	2	2	21	21	49	18	50	17	44	6	8	37	56	30	54	23	46	43	55	31	50	22	41	57	52	41	49	35	50	3.67	2.80	4.00	3.00	3.00	3.20	1.80	1.25	1	2	4	1	1	35	5	2	2	42	2	2	2	1	1	2	2	2	5	3	3	2	3	3	3	2	1	2	50	1	1	3	3	3	3	3	3	2	-0.32																																																																																																																																																																																			
158.00	1	2	16	16	42	19	52	21	50	5	8	35	54	25	49	31	56	36	51	26	45	29	49	50	48	40	48	32	48	2.83	1.80	3.00	3.00	2.75	3.00	1.40	1.50	1	1	5	1	1	55	3	4	2	40	2	1	2	2	2	2	3	2	3	3	1	2	1	4	4	1	1	3	25	1	2	3	3	2	3	3	3	3	-0.52																																																																																																																																																																																			
159.00	2	2	33	33	64	25	59	20	48	8	8	50	64	41	64	23	45	58	64	38	56	28	47	77	64	49	56	36	52	2.33	3.40	2.33	4.00	3.50	2.75	1.00	1.00	2	2	8	1	2	0	2	2	2	37	1	1	2	2	2	2	2	2	3	2	2	2	3	2	3	2	1	1	8	1	1	2	3	3	3	3	3	2	-0.79																																																																																																																																																																																			
160.00	2	2	21	21	50	16	46	15	41	5	6	28	47	25	50	21	43	35	50	28	47	23	42	49	47	45	52	31	46	2.83	3.80	2.67	3.17	3.33	3.00	1.00	1.50	1	2	5	1	1	16	2	2	2	32	1	1	2	2	2	2	2	2	4	3	2	4	4	3	3	3	2	3	40	1	1	3	3	2	3	3	3	2	-1.31																																																																																																																																																																																			
161.00	1	2	15	15	41	8	27	17	44	3	6	21	37	19	41	17	37	28	42	26	44	24	42	56	51	46	54	23	37	3.33	3.20	3.33	3.83	3.75	3.60	1.60	1.25	2	1	5	2	1	40	3	5	2	42	2	1	2	2	2	2	2	2	3	3	3	3	4	4	3	1	3	2	12	1	2	2	3	3	3	3	3	7	-0.32																																																																																																																																																																																			
162.00	1	2	14	14	39	19	52	23	52	5	8	44	60	28	52	31	56	43	55	28	47	26	45	57	52	41	49	32	47	2.83	2.40	4.00	1.50	1.75	1.80	3.80	1.00	1	1	8	1	1	44	3	3	2	39	2	1	2	1	2	1	1	3	2	4	2	4	4	4	4	3	2	4	75	1	2	3	2	3	3	3	3	7	-0.58																																																																																																																																																																																			
163.00	2	2	20	20	49	16	46	16	42	1	8	21	38	21	44	19	41	24	38	27	45	22	41	34	36	37	44	26	40	4.00	4.00	4.00	3.17	2.33	3.00	1.40	1.00	1	2	3	3	1	56	3	3	2	40	2	1	2	2	2	2	2	2	3	3	2	3	4	3	3	3	3	2	8	2	2	3	3	3	3	3	3	2	-0.49																																																																																																																																																																																			
164.00	2	2	12	12	32	10	35	11	33	5	6	25	43	20	42	19	40	30	44	26	45	25	44	46	46	40	48	26	40	2.33	2.00	2.33	2.67	3.00	2.20	2.00	1.00	1	2	5	1	1	0	3	3	2	41	2	1	2	2	3	2	2	2	3	3	3	2	2	3	2	1	1	2	5	2	2	2	3	3	3	3	3	3	-0.45																																																																																																																																																																																			
165.00	1	2	56	44	77	33	66	39	71	5	8	69	74	55	76	47	81	75	72	56	72	45	70	86	73	58	66	48	74	3.67	3.00	3.67	3.67	3.75	3.40	2.00	2.00	1	2	3	2	1	15	6	9	2	66	5	2	1	1	2	1	1	2	6	4	3	4	3	3	3	3	3	3	200	1	1	2	3	3	2	3	3	5	2.09																																																																																																																																																																																			
166.00	2	2	22	22	50	16	47	16	42	7	7	27	46	17	38	17	38	36	50	38	56	18	35	52	49	39	46	28	42	3.17	4.00	4.00	3.17	3.00	3.20	1.20	1.25	1	1	4	1	1	40	5	6	2	49	4	1	3	2	2	2	2	2	4	4	4	2	3	3	3	1	3	3	60	1	1	3	3	3	3	3	3	5	0.36																																																																																																																																																																																			
167.00	2	2	17	17	44	16	47	11	34	6	7	32	52	24	48	16	37	28	42	23	41	19	37	56	52	35	42	30	44	3.33	3.60	3.33	3.00	2.50	2.80	1.00	1.00	1	2	5	3	1	30	6	5	2	52	5	1	1	1	2	2	2	2	4	3	2	4	4	4	3	4	1	4	20	2	1	3	3	3	2	3	3	2	0.67																																																																																																																																																																																			
168.00	2	2	31	31	61	23	57	20	48	7	6	39	58	32	56	20	42	41	54	35	53	22	41	54	50	45	52	36	52	3.33	3.60	4.00	3.67	3.25	3.80	1.40	1.50	1	2	5	1	1	0	5	5	2	44	3	1	2	2	2	2	2	2	4	4	2	4	2	4	2	2	2	4	75	1	1	3	3	3	3	3	3	3	-0.06																																																																																																																																																																																			
169.00	2	2	32	32	63	21	55	26	56	8	6	44	61	33	57	34	59	55	62	40	58	41	64	75	62	44	52	44	64	3.17	2.80	3.33	3.33	3.25	2.80	1.00	1.00	1	2	4	1	1	40	6	5	2	52	5	1	1	1	1	2	1	1	4	2	3	3	2	2	2	2	2	3	100	1	1	3	3	3	3	3	3	2	0.68																																																																																																																																																																																			
170.00	1	2	23	23	52	25	59	27	57	5	6	55	67	48	70	24	48	62	65	48	64	35	56	75	62	57	65	44	63	3.17	3.40	4.00	3.33	3.25	3.20	1.60	1.00	1	2	4	1	1	7	3	6	2	44	3	1	1	1	1	2	1	1	6	4	4	3	1	4	3	1	3	4	100	2	2	2	2	2	3	3	3	7	-0.13																																																																																																																																																																																			
171.00	2	2	16	16	42	22	56	29	59	8	7	25	43	33	57	33	58	32	47	39	57	32	53	55	51	47	55	42	59	2.50	2.00	2.67	3.67	3.25	3.00	1.00	1.00	1	2	4	1	1	40	5	5	2	35	1	1	2	2	2	2	2	2	3	2	2	4	4	4	4	2	4	2	100	1	1	3	3	3	3	3	3	7	-1.01																																																																																																																																																																																			
172.00	2	2	25	25	55	18	49	22	51	6	7	35	54	24	48	26	49	50	60	34	52	27	46	66	57	43	50	31	46	2.50	3.40	3.00	3.50	3.25	3.80	1.20	1.25	1	2	5	1	1	75	3	5	2	43	3	1	2	2	3	1	1	1	3	3	3	4	2	4	4	1	2	2	50	1	1	2	3	3	3	3	3	2	-0.24																																																																																																																																																																																			
173.00	1	2	33	33	63	20	53	24	54	8	6	38	57	28	52	33	58	51	60	42	60	39	61	59	53	43	51	38	54	3.50	3.40	4.00	2.83	3.25	3.00	1.60	1.25	1	2	8	1	1	48	6	6	2	48	4	1	3	1	1	1	3	1	6	3	3	4	3	4	3	2	3	4	100	1	1	2	3	3	3	3	3	7	0.27																																																																																																																																																																																			
174.00	2	2	22	22	51	17	47	20	48	4	8	38	56	17	38	22	44	42	55	19	36	23	41	64	56	36	44	25	40	2.83	3.00	3.00	3.00	3.00	2.60	1.00	1.50	1	2	6	1	1	13	5	4	2	45	3	1	3	2	3	2	2	2	5	3	3	4	3	4	4	2	3	2	50	1	2	2	3	3	3	3	3	2	0.04																																																																																																																																																																																			
175.00	1	2	11	11	29	11	37	15	42	8	6	17	32	14	32	15	35	16	25	19	36	27	46	19	14	29	36	25	39	3.83	2.00	4.00	2.83	2.75	2.40	1.40	1.25	2	2	6	1	1	25	3	3	2	38	1	1	3	2	4	3	3	2	4	4	2	4	2	2	4	1	4	1	20	2	2	3	3	3	3	3	3	1	-0.67																																																																																																																																																																																			
176.00	2	2	24	24	54	16	47	15	40	5	8	30	50	21	44	22	45	37	52	23	42	11	23	51	49	35	42	20	34	2.50	3.00	3.33	2.67	3.25	3.00	1.20	1.00	2	2	4	1	1	0	6	6	2	47	4	1	4	4	3	2	2	2	6	3	2	3	3	2	2	2	2	2	80	1	1	3	3	3	3	3	3	7	0.23																																																																																																																																																																																			
177.00	2	2	30	30	61	23	57	28	58	7	8	40	58	38	62	30	54	47	58	42	60	40	62	53	49	47	54	41	58	2.67	2.60	2.67	3.67	4.00	3.60	1.00	1.50	1	2	5	1	1	46	8	8	2	57	5	2	3	2	3	2	2	2	4	3	2	2	2	3	2	1	1	2	30	1	2	2	3	2	2	2	2	7	1.17																																																																																																																																																																																			
178.00	1	2	14	14	39	9	33	13	37	7	7	21	38	16	36	21	43	25	39	27	45	25	45	41	42	44	52	33	48	3.00	3.20	2.67	2.67	3.50	2.80	1.00	1.50	1	2	4	1	1	30	3	3	2	40	2	1	2	2	2	2	2	2	3	3	3	3	2	3	2	2	1	3	20	1	2	3	3	3	3	3	3	4	-0.48																																																																																																																																																																																			
179.00	1	2	23	23	53	29	62	27	57	3	8	36	56	24	48	25	48	40	54	41	59	35	56	34	36	41	48	29	44	3.83	2.80	3.67	2.40	2.25	2.20	2.60	1.75	1	2	4	1	1	43	3	3	2	44	3	1	2	2	2	2	2	2	6	3	3	3	3	4	3	3	3	3	200	1	1	3	3	3	3	3	3	3	-0.10																																																																																																																																																																																			
180.00	2	2	22	22	51	20	52	21	49	2	8	30	50	30	54	26	49	30	45	28	46	23	42	35	37	33	41	31	46	3.17	3.40	4.00	2.83	3.00	3.20	2.00	2.00	1	2	4	1	1	18	5	4	2	43	3	2	2	2	1	2	1	1	5	3	2	4	2	4	2	2	2	4	40	2	2	2	3	3	3	3	3	2	-0.24																																																																																																																																																																																			
181.00	1	2	17	17	43	14	43	22	51	3	8	25	43	20	43	17	37	28	42	22	40	24	43	50	48	34	42	28	42	2.00	3.00	3.00	2.00	2.25	2.60	1.80	1.25	2	2	7	1	1	0	5	2	2	48	4	1	2	2	2	2	2	2	5	4	2	4	4	1	4	4	4	4	10	2	1	2	3	3	3	3	3	0	0.25																																																																																																																																																																																			
182.00	1	2	26	26	56	20	53	24	53	5	8	25	43	23	47	37	63	40	54	31	49	39	62	62	55	50	57	46	68	3.17	3.40	2.67	2.83	4.00	3.80	1.00	1.00	1	1	4	1	1	45	5	5	2	49	4	2	2	2	2	2	2	2	5	2	3	2	3	2	2	3	3	1	100	1	2	3	3	3	3	3	3	7	0.40																																																																																																																																																																																			
183.00	1	2	25	25	54	25	59	28	57	8	6	35	55	40	64	29	53	36	51	35	53	40	62	35	38	37	44	41	59	3.83	3.40	4.00	3.33	3.25	3.20	1.20	1.50	2	1	4	3	2	0	3	5	2	46	4	1	3	2	2	2	1	1	5	2	2	3	2	3	3	2	3	3	12	2	1	2	3	3	3	3	3	2	0.12																																																																																																																																																																																			
184.00	2	2	26	26	55	20	53	20	48	8	8	36	55	32	56	23	46	39	53	37	56	29	48	53	50	47	54	32	47	3.17	3.40	2.67	4.00	4.00	4.00	1.00	1.25	1	2	4	1	2	5	5	5	2	46	4	2	1	2	2	1	1	1	6	2	3	4	3	3	2	3	2	3	35	1	1	3	3	3	3	3	3	3	0.07																																																																																																																																																																																			
185.00	2	2	16	16	42	15	45	14	39	6	7	28	47	21	44	25	49	29	44	30	49	33	53	60	54	42	49	39	56	3.50	3.20	4.00	3.33	3.25	3.80	2.00	2.00	2	2	5	1	1	0	4	3	2	42	3	1	2	2	2	2	3	2	6	3	3	4	3	4	4	4	3	3	20	1	1	2	3	3	3	3	3	3	-0.30																																																																																																																																																																																			
186.00	2	2	22	22	51	20	53	28	58	6	8	35	54	24	48	32	56	37	51	31	49	38	59	56	51	42	49	40	57	2.00	2.60	2.67	3.17	3.00	2.80	1.20	1.00	1	2	3	2	1	20	5	5	2	43	3	1	2	2	2	2	2	2	3	4	4	4	2	4	2	2	4	4	75	1	1	2	2	2	3	3	1	3	-0.17																																																																																																																																																																																			
187.00	1	2	19	19	47	16	46	17	44	6	3	30	50	20	42	22	44	43	56	23	41	27	47	58	52	32	40	33	49	4.00	3.20	3.33	3.00	3.00	2.80	1.00	1.00	1	1	4	1	1	40	6	6	2	54	5	1	2	1	1	1	2	2	4	2	2	4	3	2	3	4	2	3	30	1	1	3	3	3	3	3	3	2	0.91																																																																																																																																																																																			
188.00	2	2	24	24	54	19	51	12	36	7	8	29	48	23	47	20	42	40	53	34	53	22	41	50	48	37	44	23	37	3.67	2.40	2.67	3.83	3.75	3.20	1.00	1.75	1	2	4	1	1	30	5	5	2	45	3	1	2	2	2	1	2	2	6	3	3	4	3	4	4	1	3	3	30	1	1	3	3	3	3	3	3	3	0.01																																																																																																																																																																																			
189.00	2	2	31	31	61	24	58	24	53	6	7	48	63	36	60	35	60	51	60	39	57	29	48	71	60	50	57	33	49	3.50	2.40	3.67	3.50	2.25	2.80	2.00	1.50	1	2	7	1	1	80	3	3	2	37	1	1	2	2	2	1	1	1	3	4	2	4	4	4	3	1	1	2	15	1	2	2	3	2	3	3	2	7	-0.80																																																																																																																																																																																			
190.00	2	2	21	21	50	19	51	18	46	5	6	29	48	21	44	28	52	34	49	24	43	35	56	38	40	36	44	38	54	2.83	2.80	4.00	3.00	3.25	3.20	1.40	1.25	1	2	3	2	1	45	6	8	2	56	5	1	3	2	2	2	2	2	4	3	2	4	4	2	3	2	1	2	50	2	2	2	2	3	3	3	3	5	1.11																																																																																																																																																																																			
191.00	1	2	23	23	52	18	50	21	50	8	8	25	44	22	46	26	50	30	44	26	45	27	47	44	44	42	50	37	53	3.00	2.00	3.33	2.60	2.00	2.40	2.00	2.00	1	1	6	1	1	6	6	5	2	49	4	1	2	1	3	1	2	2	4	4	2	4	1	4	4	2	1	4	100	1	1	2	2	1	2	3	3	7	0.35																																																																																																																																																																																			
192.00	2	2	13	13	34	13	42	20	49	5	7	16	30	19	41	26	49	25	38	23	42	25	44	41	42	42	50	38	54	2.83	2.80	3.00	1.50	2.75	2.00	1.20	1.00	1	2	4	1	1	20	3	3	2	39	2	1	2	2	2	2	2	2	4	4	4	4	3	4	3	3	3	4	20	1	2	2	3	2	2	3	3	7	-0.63																																																																																																																																																																																			
193.00	1	2	33	33	64	31	65	21	49	7	7	45	61	39	62	21	44	51	60	42	59	27	47	69	59	58	65	32	47	3.50	3.80	4.00	3.67	2.75	3.40	2.00	1.75	1	2	4	1	1	40	6	6	2	52	5	2	2	2	3	2	2	2	5	4	1	3	3	2	3	2	3	3	200	2	1	3	3	3	3	3	3	7	0.67																																																																																																																																																																																			
194.00	2	2	23	23	52	19	52	28	57	7	6	30	50	33	57	36	61	29	44	29	47	34	54	45	45	39	47	37	52	2.67	3.00	3.67	3.00	3.33	3.00	1.60	1.50	1	2	5	1	1	18	3	4	2	42	2	1	1	2	1	1	1	1	4	2	2	4	2	4	2	2	1	1	75	1	2	2	3	3	2	3	3	5	-0.34																																																																																																																																																																																			
195.00	1	2	18	18	46	14	43	12	37	5	5	32	52	26	51	18	40	35	50	35	53	28	47	54	50	43	51	28	43	3.00	2.80	4.00	2.83	3.75	3.40	1.40	1.50	1	1	3	3	1	45	3	2	2	39	1	1	2	2	2	2	2	2	4	4	2	4	3	4	2	2	4	2	20	1	1	2	2	2	3	3	3	3	-0.65																																																																																																																																																																																			
196.00	2	2	21	21	49	18	50	19	47	8	8	31	50	29	53	27	50	36	51	31	49	37	58	49	47	40	48	32	47	3.33	4.00	3.00	3.67	3.50	3.80	1.60	1.25	1	2	4	1	1	35	5	3	2	46	4	1	1	1	1	3	1	1	6	4	3	3	2	4	2	1	4	3	110	1	2	1	1	1	3	1	1	1	0.10																																																																																																																																																																																			
197.00	2	2	16	16	41	10	35	14	40	3	5	29	48	21	44	23	46	26	40	20	36	26	45	46	45	32	40	33	48	3.00	1.40	3.33	1.67	3.25	3.00	1.80	3.00	2	2	6	1	1	15	2	5	2	40	2	1	2	2	2	2	1	2	2	2	1	4	1	4	4	2	4	4	30	1	1	3	3	3	3	3	3	4	-0.50																																																																																																																																																																																			
198.00	1	2	32	32	62	23	57	24	53	6	6	38	57	28	52	28	51	59	64	38	56	37	59	76	63	48	55	46	67	3.83	2.80	3.33	3.83	2.67	3.50	1.40	1.00	1	2	5	1	1	40	3	5	2	43	3	1	2	2	3	2	2	2	4	2	3	2	2	3	3	2	2	1	50	1	2	2	3	3	3	3	3	2	-0.25																																																																																																																																																																																			
199.00	2	2	20	20	48	13	41	15	41	5	4	29	48	20	42	23	45	26	40	18	34	26	45	35	37	27	34	19	32	3.00	3.20	3.00	3.50	2.25	3.00	2.20	2.25	1	2	5	1	1	26	3	3	2	39	2	1	2	2	2	2	2	2	2	2	1	2	1	2	2	2	1	2	8	1	2	2	1	2	3	3	3	7	-0.59																																																																																																																																																																																			
200.00	2	2	34	34	64	29	63	27	56	4	8	60	69	36	60	33	58	66	68	44	61	38	60	81	67	51	58	44	64	2.83	3.00	3.67	2.67	3.00	3.00	2.00	1.00	1	2	5	1	1	30	8	9	2	62	5	1	1	2	3	2	2	2	5	3	2	4	3	4	4	2	2	3	100	1	1	3	3	3	3	3	3	3	1.66																																																																																																																																																																																			
